name: fair-mallows-noilp
channels:
  - conda-forge
  - defaults
dependencies:
  - _openmp_mutex=4.5=2_gnu
  - asttokens=2.4.1=pyhd8ed1ab_0
  - blas=1.0=mkl
  - bzip2=1.0.8=h2bbff1b_6
  - ca-certificates=2024.8.30=h56e8100_0
  - colorama=0.4.6=pyhd8ed1ab_0
  - comm=0.2.2=pyhd8ed1ab_0
  - decorator=5.1.1=pyhd8ed1ab_0
  - exceptiongroup=1.2.2=pyhd8ed1ab_0
  - executing=2.1.0=pyhd8ed1ab_0
  - importlib-metadata=8.5.0=pyha770c72_0
  - intel-openmp=2023.1.0=h59b6b97_46320
  - ipykernel=6.29.5=pyh4bbf305_0
  - ipython=8.27.0=pyh7428d3b_0
  - jedi=0.19.1=pyhd8ed1ab_0
  - jupyter_client=8.6.3=pyhd8ed1ab_0
  - jupyter_core=5.7.2=py312haa95532_0
  - krb5=1.21.3=hdf4eb48_0
  - libexpat=2.6.3=he0c23c2_0
  - libffi=3.4.4=hd77b12b_1
  - libgcc=14.1.0=h1383e82_1
  - libgomp=14.1.0=h1383e82_1
  - libsodium=1.0.20=hc70643c_0
  - libsqlite=3.46.1=h2466b09_0
  - libwinpthread=12.0.0.r4.gg4f2fc60ca=h57928b3_8
  - libxcb=1.17.0=h0e4246c_0
  - libzlib=1.3.1=h2466b09_1
  - matplotlib-inline=0.1.7=pyhd8ed1ab_0
  - mkl=2023.1.0=h6b88ed4_46358
  - mkl-service=2.4.0=py312h2bbff1b_1
  - mkl_fft=1.3.10=py312h827c3e9_0
  - mkl_random=1.2.7=py312h0158946_0
  - nest-asyncio=1.6.0=pyhd8ed1ab_0
  - openssl=3.3.2=h2466b09_0
  - packaging=24.1=pyhd8ed1ab_0
  - parso=0.8.4=pyhd8ed1ab_0
  - pickleshare=0.7.5=py_1003
  - pip=24.2=py312haa95532_0
  - platformdirs=4.3.6=pyhd8ed1ab_0
  - pthread-stubs=0.3=h3c9f919_1
  - pure_eval=0.2.3=pyhd8ed1ab_0
  - pygments=2.18.0=pyhd8ed1ab_0
  - python=3.12.6=hce54a09_1_cpython
  - python_abi=3.12=5_cp312
  - pyzmq=25.1.2=py312hd77b12b_0
  - setuptools=75.1.0=py312haa95532_0
  - six=1.16.0=pyh6c4a22f_0
  - sqlite=3.45.3=h2bbff1b_0
  - stack_data=0.6.2=pyhd8ed1ab_0
  - tbb=2021.8.0=h59b6b97_0
  - tk=8.6.13=h5226925_1
  - tornado=6.4.1=py312h827c3e9_0
  - traitlets=5.14.3=pyhd8ed1ab_0
  - typing_extensions=4.12.2=pyha770c72_0
  - ucrt=10.0.22621.0=h57928b3_0
  - vc=14.40=h2eaa2aa_1
  - vc14_runtime=14.40.33810=ha82c5b3_21
  - vs2015_runtime=14.40.33810=h3bf8584_21
  - wcwidth=0.2.13=pyhd8ed1ab_0
  - wheel=0.44.0=py312haa95532_0
  - xorg-libx11=1.8.9=hf48077a_2
  - xorg-libxau=1.0.11=h0e40799_1
  - xorg-libxdmcp=1.1.3=h0e40799_1
  - xorg-xorgproto=2024.1=h0e40799_1
  - xz=5.4.6=h8cc25b3_1
  - zeromq=4.3.5=he1f189c_5
  - zipp=3.20.2=pyhd8ed1ab_0
  - zlib=1.3.1=h2466b09_1
  - pip:
      - bottleneck==1.4.0
      - build==1.2.2
      - certifi==2024.8.30
      - contourpy==1.3.0
      - cycler==0.12.1
      - debugpy==1.8.6
      - fonttools==4.54.1
      - kiwisolver==1.4.7
      - matplotlib==3.9.2
      - munkres==1.1.4
      - networkx==3.3
      - numexpr==2.8.7
      - numpy==1.26.4
      - pandas==2.2.3
      - patsy==0.5.6
      - pillow==10.4.0
      - prompt-toolkit==3.0.47
      - psutil==6.0.0
      - pyparsing==3.1.4
      - pyproject-hooks==1.1.0
      - python-dateutil==2.9.0.post0
      - pytz==2024.1
      - pywin32==306
      - scipy==1.14.1
      - seaborn==0.13.2
      - statsmodels==0.14.3
      - tomli==2.0.1
      - tzdata==2024.2
      - unicodedata2==15.1.0
prefix: C:\Users\andre\miniconda3\envs\fair-mallows-noilp
